


Time step: [0 25 50 75 100 125 150 175 200 225 250 275 300 325 350 375 400 425 450]

Pump:			
C2 	[2 2 2 2 2 2 2 2 2 2 2 2 2 2.1 1.9 2 2 2 2]
C16	[2 2 2 2 2 2 2 2 2 2 2 2 2 2 2 2 2.1 1.9 2]

Valve:
C20	[0.7 0.75 0.65 0.7 0.7 0.7 0.7 0.7 0.7 0.7 0.7 0.7 0.7 0.7 0.7 0.7]
C24	[0.7 0.7 0.7 0.7 0.75 0.65 0.7 0.7 0.7 0.7 0.7 0.7 0.7 0.7 0.7 0.7]
C27	[0.7 0.7 0.7 0.7 0.7 0.7 0.7 0.75 0.65 0.7 0.7 0.7 0.7 0.7 0.7 0.7]
C31	[0.7 0.7 0.7 0.7 0.7 0.7 0.7 0.7 0.7 0.7 0.75 0.65 0.7 0.7 0.7 0.7]


C18 = 0.7
C25 = 4.2

Tank used

New_filter design


notes***
[2 2.1 1.9 2 2.1 1.9 2 2.1 1.9 2 2.1 1.9 2 2.1 1.9 2 2 2 2]
[2.1 1.9 2 2.1 1.9 2 2.1 1.9 2 2.1 1.9 2 2.1 1.9 2 2 2.1 1.9 2]